21255.000000 	 431.384445
21260.000000 	 431.976423
21264.000000 	 432.439118
21268.000000 	 432.892336
21272.000000 	 433.336256
21276.000000 	 433.771057
21281.000000 	 434.301999
21285.000000 	 434.716911
21289.000000 	 435.123257
21293.000000 	 435.521199
21297.000000 	 435.910898
21301.000000 	 436.292510
21306.000000 	 436.758390
21310.000000 	 437.122368
21314.000000 	 437.478750
21318.000000 	 437.827682
21322.000000 	 438.169304
21327.000000 	 438.586265
21331.000000 	 438.911947
21335.000000 	 439.230764
21339.000000 	 439.542845
21343.000000 	 439.848320
21348.000000 	 440.221064
21352.000000 	 440.512131
21356.000000 	 440.796991
21360.000000 	 441.075764
21364.000000 	 441.348565
21369.000000 	 441.681341
21373.000000 	 441.941118
21377.000000 	 442.195286
21381.000000 	 442.443950
21385.000000 	 442.687217
21390.000000 	 442.983866
21394.000000 	 443.215360
21398.000000 	 443.441784
21402.000000 	 443.663234
21406.000000 	 443.879804
21411.000000 	 444.143797
21415.000000 	 444.349727
21419.000000 	 444.551072
21423.000000 	 444.747922
21427.000000 	 444.940361
21432.000000 	 445.174836
21436.000000 	 445.357657
21440.000000 	 445.536334
21444.000000 	 445.710947
21448.000000 	 445.881574
21453.000000 	 446.089366
21457.000000 	 446.251298
21461.000000 	 446.409485
21465.000000 	 446.563998
21469.000000 	 446.714908
21473.000000 	 446.862282
21478.000000 	 447.041632
21482.000000 	 447.181296
21486.000000 	 447.317641
21490.000000 	 447.450727
21494.000000 	 447.580618
21499.000000 	 447.738581
21503.000000 	 447.861503
21507.000000 	 447.981424
21511.000000 	 448.098400
21516.000000 	 448.240564
21520.000000 	 448.351118
21524.000000 	 448.458906
21528.000000 	 448.563980
21532.000000 	 448.666392
21537.000000 	 448.790742
21541.000000 	 448.887349
21545.000000 	 448.981456
21549.000000 	 449.073110
21553.000000 	 449.162358
21558.000000 	 449.270604
21562.000000 	 449.354605
21566.000000 	 449.436345
21570.000000 	 449.515868
21574.000000 	 449.593215
21579.000000 	 449.686904
21583.000000 	 449.759508
21587.000000 	 449.830069
21591.000000 	 449.898625
21596.000000 	 449.981560
21600.000000 	 450.045745
21604.000000 	 450.108047
21608.000000 	 450.168502
21612.000000 	 450.227145
21616.000000 	 450.284011
21621.000000 	 450.352645
21625.000000 	 450.405634
21629.000000 	 450.456953
21633.000000 	 450.506635
21637.000000 	 450.554709
21642.000000 	 450.612589
21646.000000 	 450.657159
21650.000000 	 450.700220
21654.000000 	 450.741800
21658.000000 	 450.781928
21663.000000 	 450.830086
21667.000000 	 450.867046
21671.000000 	 450.902641
21675.000000 	 450.936897
21679.000000 	 450.969840
21684.000000 	 451.009210
21688.000000 	 451.039289
21692.000000 	 451.068135
21696.000000 	 451.095770
21701.000000 	 451.128647
21705.000000 	 451.153643
21709.000000 	 451.177502
21713.000000 	 451.200246
21717.000000 	 451.221895
21722.000000 	 451.247450
21726.000000 	 451.266714
21730.000000 	 451.284949
21734.000000 	 451.302177
21738.000000 	 451.318415
21743.000000 	 451.337350
21747.000000 	 451.351431
21751.000000 	 451.364582
21755.000000 	 451.376822
21759.000000 	 451.388168
21764.000000 	 451.401118
21768.000000 	 451.410513
21772.000000 	 451.419068
21776.000000 	 451.426799
21780.000000 	 451.433722
21784.000000 	 451.439851
21789.000000 	 451.446420
21793.000000 	 451.450819
21797.000000 	 451.454473
21801.000000 	 451.457396
21805.000000 	 451.459602
21810.000000 	 451.461371
21814.000000 	 451.462013
21818.000000 	 451.461981
21822.000000 	 451.461288
21826.000000 	 451.459947
21831.000000 	 451.457377
21835.000000 	 451.454621
21839.000000 	 451.451256
21843.000000 	 451.447294
21847.000000 	 451.442745
21852.000000 	 451.436251
21856.000000 	 451.430423
21860.000000 	 451.424044
21864.000000 	 451.417125
21868.000000 	 451.409676
21873.000000 	 451.399634
21877.000000 	 451.391029
21881.000000 	 451.381925
21885.000000 	 451.372332
21889.000000 	 451.362261
21893.000000 	 451.351718
21898.000000 	 451.337893
21902.000000 	 451.326325
21906.000000 	 451.314314
21910.000000 	 451.301871
21914.000000 	 451.289002
21919.000000 	 451.272330
21923.000000 	 451.258533
21927.000000 	 451.244337
21931.000000 	 451.229748
21935.000000 	 451.214775
21939.000000 	 451.199424
21944.000000 	 451.179717
21948.000000 	 451.163543
21952.000000 	 451.147014
21956.000000 	 451.130138
21960.000000 	 451.112921
21965.000000 	 451.090929
21969.000000 	 451.072966
21973.000000 	 451.054684
21977.000000 	 451.036086
21981.000000 	 451.017180
21986.000000 	 450.993122
21990.000000 	 450.973542
21994.000000 	 450.953672
21998.000000 	 450.933518
22002.000000 	 450.913084
22006.000000 	 450.892376
22011.000000 	 450.866114
22015.000000 	 450.844809
22019.000000 	 450.823246
22023.000000 	 450.801431
22027.000000 	 450.779367
22031.000000 	 450.757061
22036.000000 	 450.728843
22040.000000 	 450.706006
22044.000000 	 450.682940
22048.000000 	 450.659650
22052.000000 	 450.636141
22057.000000 	 450.606450
22061.000000 	 450.582460
22065.000000 	 450.558264
22069.000000 	 450.533864
22073.000000 	 450.509266
22077.000000 	 450.484472
22082.000000 	 450.453210
22086.000000 	 450.427990
22090.000000 	 450.402587
22094.000000 	 450.377003
22098.000000 	 450.351243
22103.000000 	 450.318798
22107.000000 	 450.292652
22111.000000 	 450.266340
22115.000000 	 450.239865
22119.000000 	 450.213229
22124.000000 	 450.179715
22128.000000 	 450.152730
22132.000000 	 450.125596
22136.000000 	 450.098313
22140.000000 	 450.070886
22144.000000 	 450.043317
22149.000000 	 450.008660
22153.000000 	 449.980781
22157.000000 	 449.952768
22161.000000 	 449.924624
22165.000000 	 449.896351
22170.000000 	 449.860833
22174.000000 	 449.832280
22178.000000 	 449.803606
22182.000000 	 449.774813
22186.000000 	 449.745904
22191.000000 	 449.709606
22195.000000 	 449.680443
22199.000000 	 449.651170
22203.000000 	 449.621789
22207.000000 	 449.592303
22212.000000 	 449.555300
22216.000000 	 449.525584
22220.000000 	 449.495768
22224.000000 	 449.465856
22229.000000 	 449.428330
22233.000000 	 449.398205
22237.000000 	 449.367988
22241.000000 	 449.337681
22245.000000 	 449.307286
22249.000000 	 449.276805
22254.000000 	 449.238584
22258.000000 	 449.207913
22262.000000 	 449.177161
22266.000000 	 449.146329
22271.000000 	 449.107679
22275.000000 	 449.076673
22279.000000 	 449.045591
22283.000000 	 449.014436
22287.000000 	 448.983208
22292.000000 	 448.944073
22296.000000 	 448.912687
22300.000000 	 448.881233
22304.000000 	 448.849712
22308.000000 	 448.818125
22312.000000 	 448.786474
22317.000000 	 448.746821
22321.000000 	 448.715029
22325.000000 	 448.683176
22329.000000 	 448.651264
22334.000000 	 448.611292
22338.000000 	 448.579249
22342.000000 	 448.547151
22346.000000 	 448.514997
22350.000000 	 448.482790
22354.000000 	 448.450529
22359.000000 	 448.410130
22363.000000 	 448.377754
22367.000000 	 448.345327
22371.000000 	 448.312852
22375.000000 	 448.280328
22380.000000 	 448.239608
22384.000000 	 448.206979
22388.000000 	 448.174305
22392.000000 	 448.141586
22397.000000 	 448.100626
22401.000000 	 448.067811
22405.000000 	 448.034953
22409.000000 	 448.002054
22413.000000 	 447.969114
22417.000000 	 447.936135
22422.000000 	 447.894856
22426.000000 	 447.861790
22430.000000 	 447.828687
22434.000000 	 447.795547
22439.000000 	 447.754071
22443.000000 	 447.720851
22447.000000 	 447.687596
22451.000000 	 447.654307
22455.000000 	 447.620984
22460.000000 	 447.579285
22464.000000 	 447.545890
22468.000000 	 447.512463
22472.000000 	 447.479005
22476.000000 	 447.445516
22481.000000 	 447.403614
22485.000000 	 447.370059
22489.000000 	 447.336476
22493.000000 	 447.302864
22497.000000 	 447.269225
22502.000000 	 447.227138
22506.000000 	 447.193438
22510.000000 	 447.159712
22514.000000 	 447.125961
22518.000000 	 447.092184
22523.000000 	 447.049929
22527.000000 	 447.016097
22531.000000 	 446.982242
22535.000000 	 446.948363
22539.000000 	 446.914461
22544.000000 	 446.872052
22548.000000 	 446.838100
22552.000000 	 446.804126
22556.000000 	 446.770131
22560.000000 	 446.736115
22565.000000 	 446.693566
22569.000000 	 446.659504
22573.000000 	 446.625423
22577.000000 	 446.591322
22581.000000 	 446.557202
22586.000000 	 446.514525
22590.000000 	 446.480363
22594.000000 	 446.446183
22598.000000 	 446.411985
22602.000000 	 446.377770
22607.000000 	 446.334977
22611.000000 	 446.300723
22615.000000 	 446.266453
22619.000000 	 446.232167
22623.000000 	 446.197865
22628.000000 	 446.154965
22632.000000 	 446.120628
22636.000000 	 446.086275
22640.000000 	 446.051908
22644.000000 	 446.017526
22649.000000 	 445.974529
22653.000000 	 445.940115
22657.000000 	 445.905687
22661.000000 	 445.871246
22665.000000 	 445.836791
22670.000000 	 445.793704
22674.000000 	 445.759220
22678.000000 	 445.724724
22682.000000 	 445.690214
22687.000000 	 445.647061
22691.000000 	 445.612524
22695.000000 	 445.577975
22699.000000 	 445.543415
22703.000000 	 445.508844
22707.000000 	 445.474261
22712.000000 	 445.431017
22716.000000 	 445.396409
22720.000000 	 445.361790
22724.000000 	 445.327162
22729.000000 	 445.283861
22733.000000 	 445.249209
22737.000000 	 445.214547
22741.000000 	 445.179875
22745.000000 	 445.145193
22750.000000 	 445.101827
22754.000000 	 445.067124
22758.000000 	 445.032412
22762.000000 	 444.997691
22766.000000 	 444.962961
22771.000000 	 444.919535
22775.000000 	 444.884785
22779.000000 	 444.850027
22783.000000 	 444.815260
22787.000000 	 444.780485
22792.000000 	 444.737004
22796.000000 	 444.702211
22800.000000 	 444.667410
22804.000000 	 444.632601
22808.000000 	 444.597784
22813.000000 	 444.554252
22817.000000 	 444.519419
22821.000000 	 444.484578
22825.000000 	 444.449730
22829.000000 	 444.414875
22834.000000 	 444.371296
22838.000000 	 444.336426
22842.000000 	 444.301548
22846.000000 	 444.266664
22850.000000 	 444.231773
22855.000000 	 444.188151
22859.000000 	 444.153246
22863.000000 	 444.118334
22867.000000 	 444.083416
22871.000000 	 444.048492
22875.000000 	 444.013562
22880.000000 	 443.969892
22884.000000 	 443.934948
22888.000000 	 443.899999
22892.000000 	 443.865045
22896.000000 	 443.830084
22901.000000 	 443.786376
22905.000000 	 443.751403
22909.000000 	 443.716425
22913.000000 	 443.681442
22917.000000 	 443.646453
22922.000000 	 443.602710
22926.000000 	 443.567709
22930.000000 	 443.532704
22934.000000 	 443.497693
22938.000000 	 443.462678
22942.000000 	 443.427658
22947.000000 	 443.383876
22951.000000 	 443.348845
22955.000000 	 443.313809
22959.000000 	 443.278769
22963.000000 	 443.243724
22968.000000 	 443.199912
22972.000000 	 443.164857
22976.000000 	 443.129798
22980.000000 	 443.094734
22984.000000 	 443.059666
22989.000000 	 443.015825
22993.000000 	 442.980748
22997.000000 	 442.945666
23001.000000 	 442.910580
23005.000000 	 442.875491
23009.000000 	 442.840397
23014.000000 	 442.796524
23018.000000 	 442.761422
23022.000000 	 442.726315
23026.000000 	 442.691205
23030.000000 	 442.656091
23035.000000 	 442.612193
23039.000000 	 442.577070
23043.000000 	 442.541944
23047.000000 	 442.506815
23051.000000 	 442.471681
23056.000000 	 442.427760
23060.000000 	 442.392618
23064.000000 	 442.357474
23068.000000 	 442.322326
23072.000000 	 442.287174
23076.000000 	 442.252019
23081.000000 	 442.208071
23085.000000 	 442.172908
23089.000000 	 442.137743
23093.000000 	 442.102574
23098.000000 	 442.058608
23102.000000 	 442.023432
23106.000000 	 441.988253
23110.000000 	 441.953070
23114.000000 	 441.917885
23118.000000 	 441.882696
23123.000000 	 441.838707
23127.000000 	 441.803511
23131.000000 	 441.768313
23135.000000 	 441.733112
23139.000000 	 441.697908
23144.000000 	 441.653898
23148.000000 	 441.618688
23152.000000 	 441.583474
23156.000000 	 441.548258
23160.000000 	 441.513039
23165.000000 	 441.469011
23169.000000 	 441.433785
23173.000000 	 441.398557
23177.000000 	 441.363326
23181.000000 	 441.328093
23186.000000 	 441.284047
23190.000000 	 441.248808
23194.000000 	 441.213566
23198.000000 	 441.178321
23202.000000 	 441.143074
23207.000000 	 441.099011
23211.000000 	 441.063758
23215.000000 	 441.028502
23219.000000 	 440.993244
23223.000000 	 440.957983
23228.000000 	 440.913904
23232.000000 	 440.878638
23236.000000 	 440.843369
23240.000000 	 440.808098
23244.000000 	 440.772825
23249.000000 	 440.728729
23253.000000 	 440.693451
23257.000000 	 440.658169
23261.000000 	 440.622886
23265.000000 	 440.587600
23270.000000 	 440.543489
23274.000000 	 440.508198
23278.000000 	 440.472905
23282.000000 	 440.437609
23286.000000 	 440.402311
23291.000000 	 440.358186
23295.000000 	 440.322883
23299.000000 	 440.287577
23303.000000 	 440.252270
23307.000000 	 440.216960
23312.000000 	 440.172820
23316.000000 	 440.137506
23320.000000 	 440.102189
23324.000000 	 440.066870
23329.000000 	 440.022719
23333.000000 	 439.987395
23337.000000 	 439.952070
23341.000000 	 439.916742
23345.000000 	 439.881412
23349.000000 	 439.846080
23354.000000 	 439.801912
23358.000000 	 439.766575
23362.000000 	 439.731237
23366.000000 	 439.695896
23370.000000 	 439.660553
23375.000000 	 439.616372
23379.000000 	 439.581025
23383.000000 	 439.545675
23387.000000 	 439.510324
23391.000000 	 439.474971
23396.000000 	 439.430776
23400.000000 	 439.395419
23404.000000 	 439.360059
23408.000000 	 439.324698
23412.000000 	 439.289334
23417.000000 	 439.245127
23421.000000 	 439.209759
23425.000000 	 439.174389
23429.000000 	 439.139018
23433.000000 	 439.103644
23438.000000 	 439.059424
23442.000000 	 439.024047
23446.000000 	 438.988667
23450.000000 	 438.953285
23454.000000 	 438.917902
23459.000000 	 438.873670
23463.000000 	 438.838283
23467.000000 	 438.802893
23471.000000 	 438.767502
23475.000000 	 438.732109
23480.000000 	 438.687865
23484.000000 	 438.652468
23488.000000 	 438.617069
23492.000000 	 438.581668
23496.000000 	 438.546266
23501.000000 	 438.502010
23505.000000 	 438.466603
23509.000000 	 438.431195
23513.000000 	 438.395785
23517.000000 	 438.360373
23522.000000 	 438.316106
23526.000000 	 438.280690
23530.000000 	 438.245272
23534.000000 	 438.209853
23538.000000 	 438.174432
23543.000000 	 438.130153
23547.000000 	 438.094729
23551.000000 	 438.059302
