28770.000000 	 222.719100
28774.000000 	 223.357100
28778.000000 	 224.351900
28782.000000 	 225.161300
28786.000000 	 225.973400
28791.000000 	 226.798300
28795.000000 	 227.819400
28799.000000 	 228.514900
28803.000000 	 229.640500
28807.000000 	 230.096600
28811.000000 	 231.118400
28816.000000 	 232.321400
28820.000000 	 232.883000
28824.000000 	 233.726500
28828.000000 	 234.925000
28832.000000 	 236.162000
28837.000000 	 237.098400
28841.000000 	 238.008800
28845.000000 	 239.298800
28849.000000 	 239.887800
28853.000000 	 240.671600
28858.000000 	 241.838100
28862.000000 	 243.214200
28866.000000 	 243.911500
28870.000000 	 245.610100
28874.000000 	 246.613500
28879.000000 	 248.063300
28883.000000 	 248.822900
28887.000000 	 249.687400
28891.000000 	 250.943000
28895.000000 	 251.904800
28899.000000 	 253.478200
28904.000000 	 254.320700
28908.000000 	 255.523600
28912.000000 	 256.683400
28916.000000 	 257.820600
28920.000000 	 258.633200
28925.000000 	 260.017400
28929.000000 	 261.219900
28933.000000 	 262.341500
28937.000000 	 263.409400
28941.000000 	 264.846100
28946.000000 	 266.015500
28950.000000 	 267.345000
28954.000000 	 268.116000
28958.000000 	 269.303700
28962.000000 	 270.536600
28967.000000 	 272.250100
28971.000000 	 272.688100
28975.000000 	 274.264500
28979.000000 	 275.460400
28983.000000 	 276.329500
28988.000000 	 277.696900
28992.000000 	 278.510900
28996.000000 	 279.552500
29000.000000 	 281.109700
29004.000000 	 281.964200
29009.000000 	 283.424500
29013.000000 	 284.699000
29017.000000 	 285.530900
29022.000000 	 287.211300
29026.000000 	 288.471400
29030.000000 	 289.208600
29034.000000 	 290.727600
29039.000000 	 291.732100
29043.000000 	 293.168000
29047.000000 	 294.137200
29051.000000 	 295.160300
29055.000000 	 296.539800
29059.000000 	 297.125100
29064.000000 	 298.876500
29068.000000 	 299.433400
29072.000000 	 300.814400
29076.000000 	 302.030000
29080.000000 	 303.109300
29085.000000 	 304.160200
29089.000000 	 305.495200
29093.000000 	 306.318500
29097.000000 	 307.468100
29101.000000 	 308.451700
29106.000000 	 309.509400
29110.000000 	 310.726200
29114.000000 	 311.963000
29118.000000 	 312.711500
29122.000000 	 313.821200
29127.000000 	 315.237500
29131.000000 	 315.936500
29135.000000 	 316.813800
29139.000000 	 317.996300
29143.000000 	 318.945100
29148.000000 	 319.917300
29152.000000 	 320.984200
29156.000000 	 321.843200
29160.000000 	 323.167900
29164.000000 	 323.822300
29168.000000 	 325.346500
29173.000000 	 325.863800
29177.000000 	 326.590300
29181.000000 	 328.033000
29185.000000 	 328.942100
29189.000000 	 329.179200
29194.000000 	 330.836200
29198.000000 	 331.646200
29202.000000 	 332.368900
29206.000000 	 333.191600
29210.000000 	 333.769400
29214.000000 	 335.029700
29219.000000 	 335.464200
29223.000000 	 336.274500
29227.000000 	 337.092100
29231.000000 	 337.961600
29235.000000 	 338.299500
29240.000000 	 339.312100
29244.000000 	 340.046600
29248.000000 	 341.111800
29252.000000 	 342.267100
29256.000000 	 342.745100
29261.000000 	 343.321100
29265.000000 	 343.863100
29269.000000 	 344.523500
29273.000000 	 345.607500
29277.000000 	 345.927200
29281.000000 	 346.466800
29286.000000 	 347.512000
29290.000000 	 348.203200
29294.000000 	 348.586500
29298.000000 	 349.226700
29302.000000 	 349.669300
29306.000000 	 350.067200
29311.000000 	 350.970800
29315.000000 	 351.897900
29319.000000 	 352.452200
29323.000000 	 352.857200
29327.000000 	 353.937100
29332.000000 	 354.245300
29336.000000 	 354.525100
29340.000000 	 355.051700
29344.000000 	 355.626400
29348.000000 	 356.359800
29353.000000 	 356.836600
29357.000000 	 357.467200
29361.000000 	 357.766500
29365.000000 	 358.050500
29369.000000 	 358.657700
29374.000000 	 359.390800
29378.000000 	 359.328200
29382.000000 	 360.172300
29386.000000 	 360.321700
29390.000000 	 360.943600
29395.000000 	 361.259400
29399.000000 	 361.462900
29403.000000 	 361.942400
29407.000000 	 362.485800
29411.000000 	 363.013800
29415.000000 	 363.004800
29420.000000 	 363.758900
29424.000000 	 363.928600
29428.000000 	 363.864300
29432.000000 	 364.533200
29436.000000 	 364.966100
29441.000000 	 365.407000
29445.000000 	 365.445800
29449.000000 	 366.192800
29453.000000 	 366.346000
29457.000000 	 366.692900
29461.000000 	 366.840100
29466.000000 	 367.365100
29470.000000 	 367.809400
29474.000000 	 367.647400
29478.000000 	 368.167300
29482.000000 	 368.566600
29487.000000 	 368.846500
29491.000000 	 369.047700
29495.000000 	 369.143400
29499.000000 	 369.686100
29503.000000 	 369.507800
29508.000000 	 370.175900
29512.000000 	 369.961600
29516.000000 	 370.290900
29520.000000 	 370.615800
29524.000000 	 370.909000
29529.000000 	 371.025400
29533.000000 	 370.923400
29537.000000 	 371.122500
29541.000000 	 371.150700
29545.000000 	 371.489700
29549.000000 	 371.684700
29554.000000 	 371.681700
29558.000000 	 372.064600
29562.000000 	 372.212600
29566.000000 	 372.566500
29570.000000 	 372.379800
29575.000000 	 372.795700
29579.000000 	 372.895100
29583.000000 	 373.236500
29587.000000 	 373.201900
29591.000000 	 373.430700
29596.000000 	 373.576500
29600.000000 	 374.008000
29604.000000 	 373.878500
29608.000000 	 374.082000
29612.000000 	 374.243900
29617.000000 	 374.410800
29621.000000 	 374.715900
29625.000000 	 374.693900
29629.000000 	 374.660700
29633.000000 	 374.747000
29638.000000 	 375.080800
29642.000000 	 375.055800
29646.000000 	 375.058000
29650.000000 	 375.421400
29654.000000 	 375.252600
29659.000000 	 375.593000
29663.000000 	 375.213100
29667.000000 	 375.765800
29671.000000 	 375.516300
29675.000000 	 375.348300
29680.000000 	 375.582500
29684.000000 	 375.859000
29688.000000 	 375.579000
29692.000000 	 375.959000
29696.000000 	 375.747400
29700.000000 	 375.788100
29705.000000 	 375.780300
29709.000000 	 376.023000
29713.000000 	 375.879800
29717.000000 	 376.185900
29721.000000 	 375.982600
29726.000000 	 376.231000
29730.000000 	 376.262100
29734.000000 	 376.152800
29738.000000 	 376.434900
29742.000000 	 376.368200
29747.000000 	 376.459900
29751.000000 	 376.249100
29755.000000 	 376.530600
29759.000000 	 376.186600
29763.000000 	 376.806100
29768.000000 	 376.740900
29772.000000 	 376.457000
29776.000000 	 376.523200
29780.000000 	 376.634200
29784.000000 	 376.803800
29788.000000 	 377.004700
29793.000000 	 376.665600
29797.000000 	 376.906800
29801.000000 	 376.727700
29805.000000 	 376.870000
29809.000000 	 377.282500
29814.000000 	 377.007500
29818.000000 	 376.768600
29822.000000 	 376.971600
29826.000000 	 377.006800
29830.000000 	 376.968800
29835.000000 	 377.314300
29839.000000 	 377.212000
29843.000000 	 377.033500
29847.000000 	 376.970200
29851.000000 	 376.970900
29856.000000 	 376.900500
29860.000000 	 377.142300
29864.000000 	 376.901100
29868.000000 	 377.141600
29872.000000 	 377.178100
29877.000000 	 377.556200
29881.000000 	 377.105800
29885.000000 	 376.729100
29889.000000 	 376.969600
29893.000000 	 376.968800
29897.000000 	 376.863200
29902.000000 	 376.970200
29906.000000 	 376.795400
29910.000000 	 376.796800
29914.000000 	 377.035300
29918.000000 	 377.103700
29923.000000 	 377.109100
29927.000000 	 376.973000
29931.000000 	 376.937000
29935.000000 	 376.592300
29939.000000 	 376.719400
29944.000000 	 377.175400
29948.000000 	 377.039300
29952.000000 	 377.039300
29956.000000 	 376.899100
29960.000000 	 377.072500
29965.000000 	 377.115500
29969.000000 	 377.073200
29973.000000 	 377.107000
29977.000000 	 377.039200
29981.000000 	 377.105000
29985.000000 	 376.900400
29990.000000 	 376.936300
29994.000000 	 376.965000
29998.000000 	 376.966900
30002.000000 	 376.762300
30006.000000 	 377.214800
30011.000000 	 376.624100
30015.000000 	 376.726300
30019.000000 	 377.213400
30023.000000 	 376.798100
30027.000000 	 376.834000
30031.000000 	 377.178800
30036.000000 	 377.076000
30040.000000 	 376.942000
30044.000000 	 376.803100
30048.000000 	 376.899100
30052.000000 	 376.867200
30057.000000 	 376.873800
30061.000000 	 376.459900
30065.000000 	 376.843800
30069.000000 	 376.665600
30073.000000 	 376.380300
30078.000000 	 376.391600
30082.000000 	 376.560600
30086.000000 	 376.934300
30090.000000 	 376.529000
30094.000000 	 376.489300
30099.000000 	 376.312600
30103.000000 	 376.523900
30107.000000 	 376.668700
30111.000000 	 376.322500
30115.000000 	 376.286400
30119.000000 	 376.254900
30124.000000 	 376.423100
30128.000000 	 376.638800
30132.000000 	 376.455500
30136.000000 	 376.595900
30141.000000 	 376.250400
30145.000000 	 376.386500
30149.000000 	 376.252000
30153.000000 	 376.318000
30157.000000 	 376.498300
30161.000000 	 376.258100
30166.000000 	 376.195600
30170.000000 	 375.909500
30174.000000 	 376.334600
30178.000000 	 376.051700
30182.000000 	 376.120700
30187.000000 	 376.123200
30191.000000 	 376.120800
30195.000000 	 375.703800
30199.000000 	 376.044600
30203.000000 	 375.912700
30208.000000 	 375.772900
30212.000000 	 375.597800
30216.000000 	 375.740700
30220.000000 	 375.814000
30224.000000 	 376.087100
30229.000000 	 375.565600
30233.000000 	 376.014700
30237.000000 	 375.498900
30241.000000 	 375.534300
30245.000000 	 375.471100
30249.000000 	 375.535100
30254.000000 	 375.262000
30258.000000 	 375.874300
30262.000000 	 375.466900
30266.000000 	 375.428300
30270.000000 	 375.193900
30275.000000 	 375.471000
30279.000000 	 375.611800
30283.000000 	 375.465300
30287.000000 	 375.714500
30291.000000 	 375.607500
30296.000000 	 375.229200
30300.000000 	 375.133600
30304.000000 	 375.332800
30308.000000 	 375.339900
30312.000000 	 375.019400
30317.000000 	 375.438200
30321.000000 	 375.000100
30325.000000 	 375.129900
30329.000000 	 375.024400
30333.000000 	 375.156800
30338.000000 	 374.991800
30342.000000 	 375.239900
30346.000000 	 375.104500
30350.000000 	 374.890900
30354.000000 	 374.889900
30359.000000 	 374.823500
30363.000000 	 375.278200
30367.000000 	 374.551000
30371.000000 	 374.856200
30375.000000 	 375.029900
30380.000000 	 375.068100
30384.000000 	 374.759000
30388.000000 	 374.550900
30392.000000 	 374.616400
30396.000000 	 374.491700
30401.000000 	 374.549000
30405.000000 	 374.721800
30409.000000 	 374.516500
30413.000000 	 374.692000
30417.000000 	 374.659400
30421.000000 	 374.661400
30426.000000 	 374.796500
30430.000000 	 374.593400
30434.000000 	 374.453100
30438.000000 	 374.109700
30442.000000 	 374.322100
30447.000000 	 374.276600
30451.000000 	 374.350500
30455.000000 	 374.200000
30459.000000 	 374.591300
30463.000000 	 373.969600
30468.000000 	 373.913900
30472.000000 	 374.106800
30476.000000 	 374.215400
30480.000000 	 374.147300
30484.000000 	 374.040700
30489.000000 	 374.034700
30493.000000 	 374.118000
30497.000000 	 373.832400
30501.000000 	 374.043700
30505.000000 	 373.878200
30510.000000 	 373.975500
30514.000000 	 374.326300
30518.000000 	 373.983900
30522.000000 	 373.804900
30526.000000 	 373.844700
30531.000000 	 373.532800
30535.000000 	 373.534900
30539.000000 	 373.765200
30543.000000 	 373.116300
30547.000000 	 373.402200
30551.000000 	 373.405700
30555.000000 	 373.220900
30560.000000 	 373.200600
30564.000000 	 373.362200
30568.000000 	 373.432400
30572.000000 	 373.255400
30576.000000 	 372.983400
30581.000000 	 373.088100
30585.000000 	 372.815100
30589.000000 	 372.962400
30593.000000 	 373.030200
30597.000000 	 373.234100
30602.000000 	 372.952100
30606.000000 	 372.812800
30610.000000 	 372.656200
30614.000000 	 372.849600
30618.000000 	 372.795500
30622.000000 	 372.853000
30627.000000 	 372.367300
30631.000000 	 372.858700
30635.000000 	 372.756300
30639.000000 	 372.919800
30643.000000 	 372.865800
30648.000000 	 372.341800
30652.000000 	 372.860000
30656.000000 	 372.490900
30660.000000 	 372.831300
30664.000000 	 372.283500
30669.000000 	 372.393400
30673.000000 	 372.324300
30677.000000 	 372.522900
30681.000000 	 372.504800
30685.000000 	 372.592000
30689.000000 	 372.605700
30694.000000 	 372.323000
30698.000000 	 372.355100
30702.000000 	 372.428000
30706.000000 	 372.321800
30710.000000 	 372.177400
30715.000000 	 372.085100
30719.000000 	 372.054400
30723.000000 	 371.902300
30727.000000 	 371.881700
30731.000000 	 372.227100
30735.000000 	 371.780700
30740.000000 	 371.893600
30744.000000 	 371.780600
30748.000000 	 372.201800
30752.000000 	 371.889600
30756.000000 	 371.925500
30761.000000 	 371.475100
30765.000000 	 371.464600
30769.000000 	 371.620000
30773.000000 	 371.855100
30777.000000 	 371.606700
30782.000000 	 371.570900
30786.000000 	 371.400800
30790.000000 	 371.783300
30794.000000 	 371.270500
30798.000000 	 371.720800
30803.000000 	 371.272000
30807.000000 	 371.441900
30811.000000 	 371.302400
30815.000000 	 371.163000
30819.000000 	 371.137900
30824.000000 	 371.211100
30828.000000 	 371.143500
30832.000000 	 371.190800
30836.000000 	 371.240100
30840.000000 	 370.871500
30845.000000 	 370.980800
30849.000000 	 370.729100
30853.000000 	 371.018300
30857.000000 	 371.034300
30861.000000 	 371.182300
30865.000000 	 371.037100
30870.000000 	 370.719500
30874.000000 	 370.946200
30878.000000 	 371.005300
30882.000000 	 370.852800
30886.000000 	 370.871400
30891.000000 	 370.296000
30895.000000 	 370.739000
30899.000000 	 370.878700
30903.000000 	 370.465700
30907.000000 	 370.746400
30912.000000 	 370.826000
30916.000000 	 370.884400
30920.000000 	 370.611200
30924.000000 	 370.300400
30928.000000 	 370.479000
30933.000000 	 370.301900
30937.000000 	 370.100800
30941.000000 	 370.306500
30945.000000 	 370.169800
30949.000000 	 370.289000
30953.000000 	 369.989600
30958.000000 	 370.110100
30962.000000 	 370.144500
30966.000000 	 369.803900
30970.000000 	 370.199800
30974.000000 	 370.138300
30979.000000 	 369.807100
30983.000000 	 369.976600
30987.000000 	 369.934200
30991.000000 	 369.629700
30995.000000 	 369.449400
30999.000000 	 369.242200
31004.000000 	 369.600000
31008.000000 	 369.351900
31012.000000 	 369.450900
31016.000000 	 369.366400
31020.000000 	 369.353600
31025.000000 	 369.282900
31029.000000 	 369.506200
31033.000000 	 369.314400
31037.000000 	 369.400900
31041.000000 	 369.517700
31046.000000 	 369.476500
31050.000000 	 369.197100
31054.000000 	 368.884600
31058.000000 	 369.093400
31062.000000 	 368.984900
31067.000000 	 369.029300
31071.000000 	 368.935900
31075.000000 	 369.060500
31079.000000 	 369.129600
31083.000000 	 369.443700
31087.000000 	 368.850000
31092.000000 	 369.298900
31096.000000 	 368.815400
31100.000000 	 368.991400
31104.000000 	 368.647800
31108.000000 	 368.839100
31113.000000 	 368.850000
31117.000000 	 368.733800
31121.000000 	 368.664700
31125.000000 	 368.904700
31129.000000 	 368.597400
31134.000000 	 368.777000
31138.000000 	 368.692500
31142.000000 	 368.673400
31146.000000 	 368.775200
31150.000000 	 368.316100
31154.000000 	 368.146700
31159.000000 	 368.224600
31163.000000 	 368.442500
31167.000000 	 368.359200
31171.000000 	 368.668200
31175.000000 	 368.238900
31180.000000 	 368.277000
31184.000000 	 368.233500
31188.000000 	 368.137200
31192.000000 	 368.244300
31196.000000 	 367.786500
31200.000000 	 367.755600
31205.000000 	 368.268000
31209.000000 	 368.060900
31213.000000 	 367.643100
31217.000000 	 367.619300
31221.000000 	 367.692000
31226.000000 	 367.483000
31230.000000 	 367.586700
31234.000000 	 367.544800
31238.000000 	 367.590300
31242.000000 	 367.506800
31247.000000 	 367.499800
31251.000000 	 367.764800
31255.000000 	 367.676200
31259.000000 	 367.383200
31263.000000 	 367.710700
31267.000000 	 367.385000
31272.000000 	 367.448600
31276.000000 	 367.386900
31280.000000 	 367.325300
31284.000000 	 367.597800
31288.000000 	 367.348600
31293.000000 	 367.536200
31297.000000 	 367.325300
31301.000000 	 367.340600
31305.000000 	 367.300300
31309.000000 	 367.154500
31314.000000 	 367.160300
31318.000000 	 367.235000
31322.000000 	 366.924400
31326.000000 	 366.909100
31330.000000 	 367.093200
31335.000000 	 367.068300
31339.000000 	 366.751700
31343.000000 	 366.736800
31347.000000 	 366.776600
31351.000000 	 366.987600
31355.000000 	 366.586800
31360.000000 	 366.617500
31364.000000 	 366.730900
31368.000000 	 366.700300
31372.000000 	 366.570300
31376.000000 	 366.556300
31381.000000 	 366.590700
31385.000000 	 366.650100
31389.000000 	 366.552400
31393.000000 	 366.138100
31397.000000 	 366.535600
31402.000000 	 366.414200
31406.000000 	 366.217100
31410.000000 	 366.452700
31414.000000 	 366.146000
31418.000000 	 366.412400
31423.000000 	 366.365200
31427.000000 	 366.103700
31431.000000 	 366.245600
31435.000000 	 366.213100
31439.000000 	 366.050600
31444.000000 	 365.933000
31448.000000 	 365.754100
31452.000000 	 365.902600
31456.000000 	 365.825200
31460.000000 	 365.918500
31464.000000 	 365.853500
31469.000000 	 365.711400
31473.000000 	 365.735800
31477.000000 	 366.170400
31481.000000 	 365.719600
31485.000000 	 365.859700
31489.000000 	 365.863800
31494.000000 	 365.618100
31498.000000 	 365.279100
31502.000000 	 365.395300
31506.000000 	 365.272900
31510.000000 	 365.246700
31515.000000 	 365.203900
31519.000000 	 365.261500
31523.000000 	 365.380700
31527.000000 	 364.621200
31531.000000 	 365.039600
31535.000000 	 365.397400
31540.000000 	 365.317800
31544.000000 	 365.632700
31548.000000 	 365.261600
31552.000000 	 365.300400
31556.000000 	 364.849500
31561.000000 	 365.039500
31565.000000 	 365.052300
31569.000000 	 365.227000
31573.000000 	 365.164400
31577.000000 	 365.207600
31581.000000 	 365.056600
31586.000000 	 365.043900
31590.000000 	 364.608000
31594.000000 	 365.067500
31598.000000 	 364.642300
31602.000000 	 364.881900
31607.000000 	 364.810700
31611.000000 	 364.931500
31615.000000 	 364.917000
31619.000000 	 364.625400
31623.000000 	 364.737800
31628.000000 	 364.580900
31632.000000 	 364.908100
31636.000000 	 364.565100
31640.000000 	 364.776700
31644.000000 	 364.541900
31648.000000 	 364.334900
31653.000000 	 364.360400
31657.000000 	 364.300400
31661.000000 	 364.530400
31665.000000 	 364.406200
31669.000000 	 364.272600
31674.000000 	 364.100200
31678.000000 	 364.063300
31682.000000 	 364.125600
31686.000000 	 364.049600
31690.000000 	 363.989800
31695.000000 	 364.355900
31699.000000 	 364.047500
31703.000000 	 364.015300
31707.000000 	 364.118800
31711.000000 	 364.229100
31716.000000 	 364.054400
31720.000000 	 364.047300
31724.000000 	 363.619200
31728.000000 	 363.805700
31732.000000 	 363.886200
31737.000000 	 363.561800
31741.000000 	 363.626100
31745.000000 	 363.757400
31749.000000 	 363.623800
31753.000000 	 363.771200
31757.000000 	 363.628500
31762.000000 	 363.824000
31766.000000 	 363.582400
31770.000000 	 363.649600
31774.000000 	 363.856700
31778.000000 	 363.403300
31783.000000 	 363.373500
31787.000000 	 363.403300
31791.000000 	 363.378300
31795.000000 	 363.198700
31799.000000 	 363.679400
31804.000000 	 363.408000
31808.000000 	 363.472400
31812.000000 	 363.314100
31816.000000 	 363.189200
31820.000000 	 363.235500
31825.000000 	 363.299900
31829.000000 	 363.203400
31833.000000 	 362.775200
31837.000000 	 363.006000
31841.000000 	 363.178500
31845.000000 	 363.033300
31850.000000 	 363.282100
31854.000000 	 362.809600
31858.000000 	 362.708500
31862.000000 	 362.826400
31866.000000 	 362.828800
31871.000000 	 363.033300
31875.000000 	 363.148900
31879.000000 	 362.725200
31883.000000 	 362.702800
31887.000000 	 362.754800
31891.000000 	 362.932200
31896.000000 	 362.929800
31900.000000 	 362.771900
31904.000000 	 362.651100
31908.000000 	 362.552600
31912.000000 	 362.503100
31917.000000 	 362.530300
31921.000000 	 362.380200
31925.000000 	 362.210000
31929.000000 	 362.429200
31933.000000 	 362.510600
31938.000000 	 362.429200
31942.000000 	 362.340500
31946.000000 	 362.301000
31950.000000 	 362.153200
31954.000000 	 362.091500
31959.000000 	 362.020000
31963.000000 	 361.901800
31967.000000 	 361.931500
31971.000000 	 361.791000
31975.000000 	 361.988800
31979.000000 	 361.835500
31984.000000 	 362.081600
31988.000000 	 362.210000
31992.000000 	 361.751400
31996.000000 	 361.716900
32000.000000 	 361.465500
32005.000000 	 361.785900
32009.000000 	 361.628400
32013.000000 	 361.636000
32017.000000 	 361.941600
32021.000000 	 361.424000
32026.000000 	 361.407400
32030.000000 	 361.848200
32034.000000 	 361.887800
32038.000000 	 361.774100
32042.000000 	 361.744600
32047.000000 	 361.919800
32051.000000 	 361.627400
32055.000000 	 361.497200
32059.000000 	 361.728200
32063.000000 	 361.417800
32068.000000 	 361.521300
32072.000000 	 361.338400
32076.000000 	 361.624700
32080.000000 	 361.192100
32084.000000 	 361.354100
32088.000000 	 361.157700
32093.000000 	 361.192100
32097.000000 	 361.425700
32101.000000 	 361.240000
32105.000000 	 361.255900
32109.000000 	 361.027600
32114.000000 	 360.815300
32118.000000 	 360.701200
32122.000000 	 360.834000
32126.000000 	 360.903100
32130.000000 	 360.608300
32135.000000 	 360.725200
32139.000000 	 360.616300
32143.000000 	 360.467600
32147.000000 	 360.314000
32151.000000 	 360.595300
32155.000000 	 360.608900
32160.000000 	 360.424200
32164.000000 	 360.327600
32168.000000 	 360.128700
32172.000000 	 360.314000
32176.000000 	 360.106900
32181.000000 	 359.963500
32185.000000 	 360.051500
32189.000000 	 360.207700
32193.000000 	 359.905300
32197.000000 	 360.160400
32202.000000 	 360.069700
32206.000000 	 359.971700
32210.000000 	 359.899900
32214.000000 	 360.130700
32218.000000 	 359.760500
32223.000000 	 359.975800
32227.000000 	 359.548000
32231.000000 	 359.582400
32235.000000 	 359.633700
32239.000000 	 359.757000
32244.000000 	 360.110900
32248.000000 	 359.792200
32252.000000 	 359.614100
32256.000000 	 359.312100
32260.000000 	 359.395100
32265.000000 	 359.349000
32269.000000 	 359.866700
32273.000000 	 359.616200
32277.000000 	 359.702700
32281.000000 	 359.320200
32285.000000 	 359.400800
32290.000000 	 359.153700
32294.000000 	 359.455400
32298.000000 	 359.489800
32302.000000 	 359.357600
32306.000000 	 359.357600
32311.000000 	 359.305800
32315.000000 	 359.124900
32319.000000 	 359.168000
32323.000000 	 359.257000
32327.000000 	 359.257100
32332.000000 	 359.125000
32336.000000 	 359.058900
32340.000000 	 358.510000
32344.000000 	 358.642000
32348.000000 	 358.854900
32353.000000 	 358.917900
32357.000000 	 358.967200
32361.000000 	 358.714000
32365.000000 	 358.777100
32369.000000 	 358.550300
32374.000000 	 358.337400
32378.000000 	 358.700200
32382.000000 	 358.306000
32386.000000 	 358.475400
32390.000000 	 358.289300
32394.000000 	 358.542700
32399.000000 	 358.433200
32403.000000 	 358.235400
32407.000000 	 358.442300
32411.000000 	 358.260800
32415.000000 	 357.962500
32420.000000 	 358.172500
32424.000000 	 358.151400
32428.000000 	 358.216100
32432.000000 	 358.272800
32436.000000 	 357.932600
32441.000000 	 358.119900
32445.000000 	 357.770900
32449.000000 	 357.679800
32453.000000 	 358.033800
32457.000000 	 357.846000
32462.000000 	 357.708100
32466.000000 	 357.852200
32470.000000 	 357.859200
32474.000000 	 357.836900
32478.000000 	 357.451500
32482.000000 	 357.801800
32487.000000 	 357.620100
32491.000000 	 357.783300
32495.000000 	 357.673700
32499.000000 	 357.629900
32503.000000 	 357.538800
32508.000000 	 357.557400
32512.000000 	 357.306700
32516.000000 	 357.623300
32520.000000 	 357.516800
32524.000000 	 357.325500
32529.000000 	 357.159500
32533.000000 	 357.203300
32537.000000 	 357.300500
32541.000000 	 356.968100
32545.000000 	 356.520000
32550.000000 	 356.965000
32554.000000 	 356.849100
32558.000000 	 357.034200
32562.000000 	 356.855400
32566.000000 	 356.971300
32571.000000 	 356.692600
32575.000000 	 356.695900
32579.000000 	 356.589300
32583.000000 	 356.830200
32587.000000 	 356.626900
32591.000000 	 356.664600
32596.000000 	 356.777700
32600.000000 	 356.579700
32604.000000 	 356.498100
32608.000000 	 356.429800
32612.000000 	 356.288600
32617.000000 	 356.576500
32621.000000 	 356.493600
32625.000000 	 356.539700
32629.000000 	 356.277000
32633.000000 	 356.411500
32638.000000 	 356.191800
32642.000000 	 356.364100
32646.000000 	 356.175500
32650.000000 	 356.345900
32654.000000 	 356.007800
32659.000000 	 356.121100
32663.000000 	 356.154000
32667.000000 	 356.117700
32671.000000 	 356.093300
32675.000000 	 355.835500
32680.000000 	 355.869900
32684.000000 	 355.873200
32688.000000 	 355.904300
32692.000000 	 355.776400
32696.000000 	 355.717500
32701.000000 	 355.723400
32705.000000 	 355.796400
32709.000000 	 355.682100
32713.000000 	 355.545000
32717.000000 	 355.885600
32721.000000 	 355.844300
32726.000000 	 355.751800
32730.000000 	 355.575100
32734.000000 	 355.719900
32738.000000 	 355.626800
32742.000000 	 355.265000
32747.000000 	 355.234100
32751.000000 	 355.458400
32755.000000 	 355.620100
32759.000000 	 355.275300
32763.000000 	 355.154600
32768.000000 	 355.009900
32772.000000 	 355.117100
32776.000000 	 354.758400
32780.000000 	 354.917100
32784.000000 	 354.944400
32788.000000 	 354.930700
32793.000000 	 354.896300
32797.000000 	 354.886000
32801.000000 	 354.789500
32805.000000 	 354.758500
32809.000000 	 355.061700
32814.000000 	 355.072100
32818.000000 	 354.796500
32822.000000 	 354.596800
32826.000000 	 354.668800
32830.000000 	 354.341500
32835.000000 	 354.797300
32839.000000 	 355.006700
32843.000000 	 354.524300
32847.000000 	 354.462400
32851.000000 	 354.562200
32856.000000 	 354.645200
32860.000000 	 354.445600
32864.000000 	 354.224700
32868.000000 	 354.217700
32872.000000 	 353.987000
32877.000000 	 354.501500
32881.000000 	 354.579900
32885.000000 	 354.200900
32889.000000 	 354.218700
32893.000000 	 354.556100
32898.000000 	 354.246000
32902.000000 	 354.057200
32906.000000 	 353.915800
32910.000000 	 353.785200
32914.000000 	 353.974000
32919.000000 	 354.026300
32923.000000 	 353.875900
32927.000000 	 353.647400
32931.000000 	 353.888600
32935.000000 	 354.010100
32939.000000 	 352.243000
32944.000000 	 351.175900
32948.000000 	 351.367000
32952.000000 	 351.626200
32956.000000 	 351.593200
32961.000000 	 351.663100
32965.000000 	 351.767000
32969.000000 	 351.524900
32973.000000 	 351.663000
32977.000000 	 351.663700
32982.000000 	 351.455700
32986.000000 	 351.593900
32990.000000 	 351.906000
32994.000000 	 351.526400
32999.000000 	 351.733500
33003.000000 	 351.629900
33007.000000 	 351.283800
33011.000000 	 351.353000
33015.000000 	 351.732800
33020.000000 	 351.456900
33024.000000 	 351.180100
33028.000000 	 351.042100
33032.000000 	 351.076700
33037.000000 	 350.869700
33041.000000 	 351.249800
33045.000000 	 351.112200
33049.000000 	 350.975000
33053.000000 	 351.147100
33058.000000 	 351.283900
33062.000000 	 350.869700
33066.000000 	 350.870200
33070.000000 	 350.835600
33075.000000 	 350.905300
33079.000000 	 350.766400
33083.000000 	 350.766800
33087.000000 	 350.456100
33091.000000 	 350.629300
33096.000000 	 350.490500
33100.000000 	 350.628700
33104.000000 	 350.456500
33108.000000 	 350.352600
33113.000000 	 350.526100
33117.000000 	 350.388000
33121.000000 	 350.353000
33125.000000 	 350.733400
33129.000000 	 350.424000
33134.000000 	 350.110800
33138.000000 	 350.387900
33142.000000 	 350.388100
33146.000000 	 350.008400
33151.000000 	 350.665300
33155.000000 	 350.249800
33159.000000 	 349.974200
33163.000000 	 350.113000
33168.000000 	 350.077800
33172.000000 	 350.078100
33176.000000 	 349.767000
33180.000000 	 350.249700
33184.000000 	 350.042700
33189.000000 	 349.835600
33193.000000 	 349.732700
33197.000000 	 349.698900
33201.000000 	 349.698000
